%YAML:1.0
---
field: !!opencv-matrix
   rows: 81
   cols: 1
   dt: i
   data: [ 5, 6, 1, 9, 4, 8, 3, 2, 7, 2, 8, 9, 3, 6, 7, 1, 4, 5, 7, 3, 4,
       2, 5, 1, 6, 9, 8, 3, 5, 6, 1, 9, 4, 7, 8, 2, 4, 2, 7, 5, 8, 6, 9,
       1, 3, 1, 9, 8, 7, 3, 2, 4, 5, 6, 6, 7, 2, 8, 1, 9, 5, 3, 4, 9, 4,
       3, 6, 2, 5, 8, 7, 1, 8, 1, 5, 4, 7, 3, 2, 6, 9 ]
