%YAML:1.0
---
field: !!opencv-matrix
   rows: 256
   cols: 1
   dt: i
   data: [ 0, 5, 0, 8, 0, 0, 0, 0, 7, 0, 0, 10, 0, 0, 0, 0, 0, 11, 14, 0,
       0, 0, 13, 7, 2, 0, 0, 3, 0, 8, 0, 16, 0, 0, 1, 12, 15, 0, 11, 2,
       9, 0, 0, 0, 13, 10, 0, 14, 0, 0, 0, 0, 4, 0, 0, 14, 0, 0, 0, 0,
       11, 9, 0, 15, 0, 0, 8, 9, 13, 0, 0, 15, 11, 0, 14, 0, 10, 12, 0,
       0, 0, 0, 16, 7, 0, 0, 0, 0, 0, 0, 0, 15, 0, 0, 0, 0, 0, 0, 0, 0,
       0, 0, 0, 0, 13, 16, 0, 0, 0, 0, 0, 0, 14, 0, 0, 15, 1, 0, 0, 0, 0,
       8, 4, 0, 0, 6, 0, 0, 0, 0, 0, 0, 12, 0, 0, 0, 1, 0, 6, 7, 15, 4,
       9, 0, 2, 0, 15, 0, 0, 0, 0, 11, 0, 12, 0, 0, 14, 0, 0, 0, 0, 0, 0,
       0, 6, 13, 0, 0, 10, 0, 9, 0, 16, 0, 0, 0, 0, 0, 3, 0, 16, 0, 0, 0,
       14, 2, 8, 0, 0, 11, 0, 13, 0, 0, 5, 13, 10, 15, 0, 0, 0, 3, 16, 0,
       0, 14, 12, 0, 1, 0, 7, 10, 14, 0, 6, 9, 0, 0, 0, 0, 3, 15, 0, 0,
       0, 2, 0, 0, 0, 0, 0, 0, 0, 0, 0, 0, 6, 0, 0, 8, 0, 0, 0, 16, 0, 0,
       2, 0, 0, 0, 0, 0, 9, 0, 0, 11 ]
